528881469	528881469,1
528881469	528881469,1
528881469	528881469,1
528881469	528881469,1
528881469	528881469,1
594451647	594451647,1
594451647	594451647,1
594451647	594451647,1
594451647	594451647,1
594451647	594451647,1
594481813	594481813,1
594481813	594481813,1
594481813	594481813,1
594481813	594481813,1
594481813	594481813,1
594481813	594481813,1
594481813	594481813,1
594481813	594481813,1
972683275	972683275,1
972683275	972683275,1
972683275	972683275,1
972683275	972683275,1
972683275	972683275,1
972683275	972683275,1
972683275	972683275,1
972683275	972683275,1
972683275	972683275,1
972683275	972683275,1
972683275	972683275,1
972683275	972683275,1
972683275	972683275,1
972683275	972683275,1
972683275	972683275,1
972683275	972683275,1
972683275	972683275,1
972683275	972683275,1
972683275	972683275,1
972683275	972683275,1
972683275	972683275,1
972683275	972683275,1
972683275	972683275,1
972683275	972683275,1
972683275	972683275,1
972683275	972683275,1
972683275	972683275,1
972683275	972683275,1
972683275	972683275,1
972683275	972683275,1
972683275	972683275,1
972683275	972683275,1
972683275	972683275,1
972683275	972683275,1
972683275	972683275,1
972683275	972683275,1
972683275	972683275,1
972683275	972683275,1
972683275	972683275,1
972683275	972683275,1
972683275	972683275,1
972683275	972683275,1
972683275	972683275,1
972683275	972683275,1
972683275	972683275,1
972683275	972683275,1
972683275	972683275,1
972683275	972683275,1
972683275	972683275,1
972683275	972683275,1
972683275	972683275,1
972683275	972683275,1
972683275	972683275,1
972683275	972683275,1
972683275	972683275,1
972683275	972683275,1
972683275	972683275,1
972683275	972683275,1
972683275	972683275,1
972683275	972683275,1
972683275	972683275,1
972683275	972683275,1
972683275	972683275,1
972683275	972683275,1
972683275	972683275,1
972683275	972683275,1
972683275	972683275,1
972683275	972683275,1
972683275	972683275,1
972683275	972683275,1
972683275	972683275,1
972683275	972683275,1
972683275	972683275,1
972683275	972683275,1
972683275	972683275,1
972683275	972683275,1
972683275	972683275,1
972683275	972683275,1
972683275	972683275,1
972683275	972683275,1
972683275	972683275,1
972683275	972683275,1
972683275	972683275,1
972683275	972683275,1
972683275	972683275,1
972683275	972683275,1
972683275	972683275,1
972683275	972683275,1
972683275	972683275,1
972683275	972683275,1
972683275	972683275,1
972683275	972683275,1
972683275	972683275,1
972683275	972683275,1
972683275	972683275,1
972683275	972683275,1
972683275	972683275,1
972683275	972683275,1
972683275	972683275,1
972683275	972683275,1
972683275	972683275,1
972683275	972683275,1
972683275	972683275,1
972683275	972683275,1
972683275	972683275,1
972683275	972683275,1
972683275	972683275,1
972683275	972683275,1
972683275	972683275,1
972683275	972683275,1
972683275	972683275,1
972683275	972683275,1
972683275	972683275,1
972683275	972683275,1
972683275	972683275,1
972683275	972683275,1
972683275	972683275,1
972683275	972683275,1
972683275	972683275,1
972683275	972683275,1
972683275	972683275,1
972683275	972683275,1
972683275	972683275,1
972683275	972683275,1
972683275	972683275,1
972683275	972683275,1
972683275	972683275,1
972683275	972683275,1
972683275	972683275,1
972683275	972683275,1
972683275	972683275,1
972683275	972683275,1
972683275	972683275,1
972683275	972683275,1
972683275	972683275,1
972683275	972683275,1
972683275	972683275,1
972683275	972683275,1
972683275	972683275,1
972683275	972683275,1
972683275	972683275,1
972683275	972683275,1
972683275	972683275,1
972683275	972683275,5
972683275	972683275,5
972683275	972683275,5
972683275	972683275,5
972683275	972683275,5
972683275	972683275,1
972683275	972683275,1
972683275	972683275,1
972683275	972683275,1
972683275	972683275,1
972683275	972683275,1
972683275	972683275,1
972683275	972683275,1
972683275	972683275,1
972683275	972683275,1
972683275	972683275,1
972683275	972683275,1
972683275	972683275,1
972683275	972683275,1
972683275	972683275,1
972683275	972683275,1
972683275	972683275,1
972683275	972683275,1
972683275	972683275,1
972683275	972683275,1
972683275	972683275,1
972683275	972683275,1
972683275	972683275,1
972683275	972683275,1
972683275	972683275,1
972683275	972683275,1
972683275	972683275,1
972683275	972683275,1
972683275	972683275,1
972683275	972683275,1
972683275	972683275,1
972683275	972683275,1
972683275	972683275,1
972683275	972683275,1
972683275	972683275,1
972683275	972683275,1
972683275	972683275,1
972683275	972683275,1
972683275	972683275,1
972683275	972683275,1
972683275	972683275,1
972683275	972683275,1
972683275	972683275,1
972683275	972683275,1
972683275	972683275,1
972683275	972683275,1
972683275	972683275,1
972683275	972683275,1
972683275	972683275,1
972683275	972683275,1
972683275	972683275,1
972683275	972683275,1
972683275	972683275,1
972683275	972683275,1
972683275	972683275,1
972683275	972683275,1
972683275	972683275,1
972683275	972683275,1
972683275	972683275,1
972683275	972683275,1
972683275	972683275,1
972683275	972683275,1
972683275	972683275,1
972683275	972683275,1
972683275	972683275,1
972683275	972683275,1
972683275	972683275,1
972683275	972683275,1
972683275	972683275,1
